COUNTY|MUNICIPALITY|W/P|CG|SS|SR|CC|D|G|L|NL|R|U|TOTAL|
AND|AUBURN|1-1|2|20|89|5|590|78|37|66|424|534|1729|
AND|AUBURN|1-1|2|20|90|5|502|62|33|37|446|396|1476|
AND|AUBURN|2-1|2|20|89|5|224|25|19|24|145|192|629|
AND|AUBURN|2-1|2|20|90|5|1015|107|30|78|652|860|2742|
AND|AUBURN|3-1|2|20|88|5|695|91|18|40|699|682|2225|
AND|AUBURN|3-1|2|20|89|5|196|38|33|25|140|177|609|
AND|AUBURN|3-1|2|20|90|5|96|18|3|10|104|118|349|
AND|AUBURN|4-1|2|20|88|5|46|8|5|3|53|64|179|
AND|AUBURN|4-1|2|20|88|6|560|85|25|52|636|637|1995|
AND|AUBURN|4-1|2|20|89|5|258|57|24|33|149|228|749|
AND|AUBURN|5-1|2|20|88|6|640|95|28|60|633|661|2117|
AND|AUBURN|5-1|2|20|89|6|326|39|35|41|228|292|961|
AND|DURHAM|1-1|2|20|98|3|974|184|20|57|1101|1136|3472|
AND|GREENE|1-1|2|17|92|3|702|177|36|72|1245|973|3205|
AND|LEEDS|1-1|2|17|91|7|395|90|5|46|646|492|1674|
AND|LEWISTON|1-1|2|21|93|2|2174|149|69|128|710|1053|4283|
AND|LEWISTON|2-1|2|21|93|2|501|65|11|39|380|433|1429|
AND|LEWISTON|2-1|2|21|94|2|942|77|32|62|682|664|2459|
AND|LEWISTON|3-1|2|21|93|1|732|39|28|31|151|328|1309|
AND|LEWISTON|3-1|2|21|94|1|672|68|169|115|296|422|1742|
AND|LEWISTON|4-1|2|21|94|2|168|23|10|14|131|129|475|
AND|LEWISTON|4-1|2|21|95|2|299|45|16|24|232|228|844|
AND|LEWISTON|4-1|2|21|96|2|342|50|24|31|234|264|945|
AND|LEWISTON|4-1|2|21|96|3|362|41|17|24|299|282|1025|
AND|LEWISTON|5-1|2|21|94|1|171|27|26|29|97|142|492|
AND|LEWISTON|5-1|2|21|94|2|106|24|16|10|78|97|331|
AND|LEWISTON|5-1|2|21|95|1|530|28|120|52|112|270|1112|
AND|LEWISTON|6-1|2|21|95|3|276|33|26|25|197|153|710|
AND|LEWISTON|6-1|2|21|96|3|1015|148|48|98|1037|820|3166|
AND|LEWISTON|7-1|2|21|95|1|763|88|88|78|565|592|2174|
AND|LEWISTON|7-1|2|21|96|1|455|57|32|29|385|349|1307|
AND|LISBON|1-1|2|17|97|4|831|99|39|86|1217|1108|3380|
AND|LISBON|2-1|2|17|97|4|645|78|26|51|806|752|2358|
AND|LISBON|2-1|2|17|98|4|239|29|4|16|261|263|812|
AND|LIVERMORE|1-1|2|17|76|7|390|66|12|7|532|336|1343|
AND|LIVERMORE|1-1|2|17|77|7|83|13|2|1|129|73|301|
AND|LIVERMORE FALLS|1-1|2|17|76|7|452|84|18|42|672|591|1859|
AND|MECHANIC FALLS|1-1|2|18|87|6|518|125|23|36|779|679|2160|
AND|MINOT|1-1|2|18|90|7|483|124|24|52|849|601|2133|
AND|POLAND|1-1|2|20|86|6|67|18|3|4|101|95|288|
AND|POLAND|1-1|2|20|87|6|1059|200|13|46|1401|1210|3929|
AND|SABATTUS|1-1|2|17|92|4|896|158|48|83|1417|1057|3659|
AND|TURNER|1-1|2|17|91|7|999|149|47|78|1829|1332|4434|
AND|WALES|1-1|2|17|56|4|189|58|11|22|453|395|1128|
ARO|ALLAGASH|1-1|2|1|1|3|77|12|0|0|66|55|210|
ARO|AMITY|1-1|2|2|8|1|25|3|2|4|83|71|188|
ARO|ASHLAND|1-1|2|1|1|2|190|17|3|17|312|329|868|
ARO|BENEDICTA TWP|1-1|2|2|8|1|29|4|1|0|57|51|142|
ARO|BLAINE|1-1|2|2|6|1|75|12|2|7|261|143|500|
ARO|BRIDGEWATER|1-1|2|2|6|1|67|17|0|1|175|120|380|
ARO|CARIBOU|1-1|2|1|4|2|1211|178|17|77|1856|1393|4732|
ARO|CARY TWP|1-1|2|2|8|1|12|19|0|3|87|37|158|
ARO|CASTLE HILL|1-1|2|1|6|2|65|19|4|3|122|86|299|
ARO|CASWELL|1-1|2|1|3|3|58|7|1|6|53|47|172|
ARO|CHAPMAN|1-1|2|1|6|2|77|12|1|3|139|97|329|
ARO|CONNOR TWP|1-1|2|1|3|3|64|11|1|3|99|80|258|
ARO|CROSS LAKE TWP (T17 R5)|1-1|2|1|2|3|56|17|0|0|70|38|181|
ARO|CRYSTAL|1-1|2|2|8|1|23|13|0|0|88|72|196|
ARO|CYR PLT|1-1|2|1|3|3|28|5|2|0|30|14|79|
ARO|DYER BROOK|1-1|2|2|6|1|26|6|0|4|102|49|187|
ARO|EAGLE LAKE|1-1|2|1|1|3|264|23|0|4|203|212|706|
ARO|EASTON|1-1|2|2|3|1|170|27|8|16|409|229|859|
ARO|FORT FAIRFIELD|1-1|2|1|3|1|583|97|13|38|844|620|2195|
ARO|FORT KENT|1-1|2|1|1|3|16|1|0|0|22|18|57|
ARO|FORT KENT|1-2|2|1|1|3|57|6|0|3|53|50|169|
ARO|FORT KENT|1-3|2|1|1|3|114|6|1|1|131|91|344|
ARO|FORT KENT|1-4|2|1|1|3|888|32|5|4|634|632|2195|
ARO|FORT KENT|2-1|2|1|1|3|5|0|0|0|1|1|7|
ARO|FRENCHVILLE|1-1|2|1|2|3|319|25|1|4|223|185|757|
ARO|GARFIELD PLT|1-1|2|1|1|3|8|0|1|0|36|26|71|
ARO|GLENWOOD PLT|1-1|2|2|8|1|1|0|0|0|0|4|5|
ARO|GRAND ISLE|1-1|2|1|2|3|125|18|1|2|63|90|299|
ARO|HAMLIN|1-1|2|1|3|3|43|2|0|2|35|39|121|
ARO|HAMMOND|1-1|2|2|6|1|10|1|1|0|22|27|61|
ARO|HAYNESVILLE|1-1|2|2|8|1|20|5|0|1|32|31|89|
ARO|HERSEY|1-1|2|2|6|1|3|3|2|0|31|24|63|
ARO|HODGDON|1-1|2|2|8|1|126|31|5|5|468|250|885|
ARO|HOULTON|1-1|2|2|7|1|733|108|19|32|1362|1249|3503|
ARO|ISLAND FALLS|1-1|2|2|8|1|107|23|5|10|251|166|562|
ARO|LIMESTONE|1-1|2|1|3|3|273|41|4|32|376|433|1159|
ARO|LINNEUS|1-1|2|2|7|1|61|10|3|2|335|254|665|
ARO|LITTLETON|1-1|2|2|6|1|109|14|1|3|293|210|630|
ARO|LUDLOW|1-1|2|2|7|1|49|10|1|0|117|137|314|
ARO|MACWAHOC PLT|1-1|2|2|8|1|15|4|0|0|20|12|51|
ARO|MADAWASKA|1-1|2|1|2|3|1218|128|6|33|730|552|2667|
ARO|MADAWASKA LAKE|1-1|2|1|2|3|42|5|0|0|56|25|128|
ARO|MAPLETON|1-1|2|1|6|2|84|17|5|6|155|109|376|
ARO|MAPLETON|1-2|2|1|6|2|24|9|3|4|96|60|196|
ARO|MAPLETON|1-3|2|1|6|2|181|45|5|10|390|215|846|
ARO|MARS HILL|1-1|2|2|6|1|138|41|2|7|474|261|923|
ARO|MASARDIS|1-1|2|1|1|3|32|9|1|0|67|57|166|
ARO|MERRILL|1-1|2|2|6|1|33|3|4|1|81|54|176|
ARO|MONTICELLO|1-1|2|2|6|1|66|13|2|7|239|188|515|
ARO|MORO PLT|1-1|2|2|6|1|2|1|0|0|19|11|33|
ARO|NASHVILLE PLT|1-1|2|1|1|3|8|0|0|0|10|7|25|
ARO|NEW CANADA|1-1|2|1|1|3|59|8|0|0|65|54|186|
ARO|NEW LIMERICK|1-1|2|2|7|1|60|6|2|2|222|116|408|
ARO|NEW SWEDEN|1-1|2|1|3|3|95|14|0|4|178|157|448|
ARO|OAKFIELD|1-1|2|2|7|1|97|25|5|1|232|166|526|
ARO|ORIENT|1-1|2|2|8|1|21|2|0|0|47|41|111|
ARO|OXBOW NORTH TWP|1-1|2|2|6|2|9|4|0|0|26|22|61|
ARO|PERHAM|1-1|2|1|2|3|48|15|1|4|150|85|303|
ARO|PORTAGE LAKE|1-1|2|1|1|3|70|15|3|1|122|107|318|
ARO|PRESQUE ISLE|1-10|2|2|5|2|154|19|3|9|184|154|523|
ARO|PRESQUE ISLE|1-11|2|2|5|2|81|9|5|7|98|105|305|
ARO|PRESQUE ISLE|1-12|2|2|5|2|119|23|6|16|156|121|441|
ARO|PRESQUE ISLE|1-13|2|2|5|2|89|19|3|7|119|99|336|
ARO|PRESQUE ISLE|1-14|2|2|5|2|59|10|2|11|52|67|201|
ARO|PRESQUE ISLE|1-15|2|2|5|2|58|13|9|17|72|84|253|
ARO|PRESQUE ISLE|1-16|2|2|5|2|90|25|4|9|104|62|294|
ARO|PRESQUE ISLE|1-3|2|2|5|2|8|0|0|0|20|16|44|
ARO|PRESQUE ISLE|1-4|2|2|5|2|20|1|0|3|42|16|82|
ARO|PRESQUE ISLE|1-5|2|2|5|2|123|23|3|11|257|156|573|
ARO|PRESQUE ISLE|1-6|2|2|5|2|88|16|1|6|142|116|369|
ARO|PRESQUE ISLE|1-7|2|2|5|2|89|15|1|9|150|102|366|
ARO|PRESQUE ISLE|1-8|2|2|5|2|209|26|11|15|294|197|752|
ARO|PRESQUE ISLE|1-9|2|2|5|2|97|18|7|7|119|101|349|
ARO|PRESQUE ISLE|2-17|2|2|5|2|58|12|5|5|66|90|236|
ARO|PRESQUE ISLE|2-4|2|2|5|2|34|8|1|2|96|44|185|
ARO|PRESQUE ISLE|2-5|2|2|5|2|38|10|0|9|63|47|167|
ARO|REED PLT|1-1|2|2|8|1|20|5|0|0|58|24|107|
ARO|SAINT AGATHA|1-1|2|1|2|3|242|45|1|1|204|124|617|
ARO|SAINT FRANCIS|1-1|2|1|1|3|130|10|0|6|78|87|311|
ARO|SAINT JOHN PLT|1-1|2|1|1|3|86|7|1|3|51|41|189|
ARO|SHERMAN|1-1|2|2|8|1|72|15|1|1|281|195|565|
ARO|SILVER RIDGE TWP|1-1|2|2|8|1|3|2|2|1|39|16|63|
ARO|SINCLAIR|1-1|2|1|2|3|74|26|0|3|47|53|203|
ARO|SMYRNA|1-1|2|2|6|1|38|5|1|2|108|63|217|
ARO|STOCKHOLM|1-1|2|1|3|3|54|6|0|2|81|52|195|
ARO|VAN BUREN|1-1|2|1|2|3|515|53|4|14|291|321|1198|
ARO|WADE|1-1|2|1|4|3|32|9|3|6|99|53|202|
ARO|WALLAGRASS|1-1|2|1|1|3|145|14|2|4|97|107|369|
ARO|WASHBURN|1-1|2|1|4|2|202|27|7|25|431|281|973|
ARO|WESTFIELD|1-1|2|2|6|2|71|14|2|5|163|83|338|
ARO|WESTMANLAND|1-1|2|1|3|3|9|6|0|0|34|25|74|
ARO|WESTON|1-1|2|2|8|1|42|9|3|2|125|78|259|
ARO|WINTERVILLE PLT|1-1|2|1|1|3|49|9|0|1|49|48|156|
ARO|WOODLAND|1-1|2|1|3|3|165|40|11|7|414|240|877|
CUM|BALDWIN|1-1|1|22|84|1|248|58|3|25|582|357|1273|
CUM|BRIDGTON|1-1|1|18|83|1|1333|227|35|76|1477|1374|4522|
CUM|BRUNSWICK|1-1|1|23|99|3|419|48|5|21|382|362|1237|
CUM|BRUNSWICK|1-2|1|23|100|3|0|0|0|0|0|0|0|
CUM|BRUNSWICK|1-2|1|23|99|3|405|43|2|24|286|313|1073|
CUM|BRUNSWICK|2-1|1|23|100|3|315|10|1|2|77|146|551|
CUM|BRUNSWICK|2-2|1|23|100|3|1270|45|1|15|276|572|2179|
CUM|BRUNSWICK|2-2|1|23|101|3|102|1|0|0|8|22|133|
CUM|BRUNSWICK|3-1|1|23|101|3|702|51|2|16|365|474|1610|
CUM|BRUNSWICK|3-2|1|23|101|3|605|40|3|10|229|400|1287|
CUM|BRUNSWICK|4-1|1|23|101|3|423|30|2|12|267|286|1020|
CUM|BRUNSWICK|4-2|1|23|100|3|54|3|0|6|13|37|113|
CUM|BRUNSWICK|4-2|1|23|101|3|663|41|0|18|260|388|1370|
CUM|BRUNSWICK|5-1|1|23|99|3|63|2|1|0|17|42|125|
CUM|BRUNSWICK|5-2|1|23|100|3|1132|74|5|70|474|687|2442|
CUM|BRUNSWICK|5-2|1|23|99|3|139|3|0|5|92|121|360|
CUM|BRUNSWICK|6-2|1|23|100|3|1272|49|5|26|282|610|2244|
CUM|BRUNSWICK|6-2|1|23|101|3|177|9|1|2|39|71|299|
CUM|BRUNSWICK|7-2|1|23|100|3|590|11|0|4|27|184|816|
CUM|BRUNSWICK|7-2|1|23|101|3|1118|65|4|15|308|462|1972|
CUM|CAPE ELIZABETH|1-1|1|29|121|4|93|2|0|0|46|52|193|
CUM|CAPE ELIZABETH|1-1|1|29|123|4|4451|129|3|75|1391|1985|8034|
CUM|CASCO|1-1|1|26|86|2|793|145|11|67|941|915|2872|
CUM|CHEBEAGUE ISLAND|1-1|1|23|110|3|201|13|0|3|77|84|378|
CUM|CUMBERLAND|1-1|1|25|110|3|3136|133|17|52|1788|2141|7267|
CUM|FALMOUTH|1-1|1|25|111|2|3683|130|26|55|1972|2260|8126|
CUM|FALMOUTH|1-1|1|25|112|2|1227|28|4|21|625|766|2671|
CUM|FREEPORT|1-1|1|23|102|3|923|49|7|22|348|565|1914|
CUM|FREEPORT|2-1|1|23|102|3|890|45|3|12|364|611|1925|
CUM|FREEPORT|3-1|1|23|102|3|907|32|3|13|340|505|1800|
CUM|FREEPORT|4-1|1|23|102|3|770|39|11|20|382|599|1821|
CUM|FRYE ISLAND|1-1|1|26|86|2|26|7|0|2|22|34|91|
CUM|GORHAM|1-1|1|30|109|1|1686|127|13|31|1166|1133|4156|
CUM|GORHAM|1-2|1|30|109|1|1063|100|18|47|898|947|3073|
CUM|GORHAM|2-1|1|30|108|1|2393|245|26|87|1946|2175|6872|
CUM|GRAY|1-1|1|25|104|2|749|91|11|38|915|966|2770|
CUM|GRAY|1-1|1|25|105|2|1214|131|37|53|1213|1304|3952|
CUM|HARPSWELL|1-1|1|23|99|3|806|71|4|21|438|608|1948|
CUM|HARPSWELL|2-1|1|23|99|3|642|37|3|19|461|527|1689|
CUM|HARPSWELL|3-1|1|23|99|3|374|26|5|13|256|275|949|
CUM|HARRISON|1-1|1|18|83|2|545|86|11|29|727|662|2060|
CUM|LONG ISLAND|1-1|1|25|110|3|96|9|0|4|50|65|224|
CUM|NAPLES|1-1|1|22|84|2|803|109|20|37|1264|1042|3275|
CUM|NEW GLOUCESTER|1-1|1|20|104|2|1221|241|34|98|1462|1365|4421|
CUM|NORTH YARMOUTH|1-1|1|25|105|3|1466|120|4|36|939|984|3549|
CUM|PORTLAND|1-1|1|28|119|5|3282|140|27|62|296|996|4803|
CUM|PORTLAND|1-2|1|28|115|5|186|9|1|8|42|100|346|
CUM|PORTLAND|1-2|1|28|118|5|2155|155|78|118|275|1043|3824|
CUM|PORTLAND|1-2|1|28|119|5|790|43|7|37|123|352|1352|
CUM|PORTLAND|1-3|1|28|119|5|635|21|1|7|64|187|915|
CUM|PORTLAND|1-45|1|28|119|5|90|6|0|2|33|40|171|
CUM|PORTLAND|2-1|1|28|117|5|2593|118|15|57|207|774|3764|
CUM|PORTLAND|2-1|1|28|119|5|790|32|5|23|91|285|1226|
CUM|PORTLAND|2-2|1|28|117|5|1833|115|22|62|186|667|2885|
CUM|PORTLAND|2-2|1|28|118|5|1955|122|18|59|167|705|3026|
CUM|PORTLAND|3-1|1|27|113|5|1152|83|6|64|296|501|2102|
CUM|PORTLAND|3-1|1|27|116|5|757|35|6|13|81|232|1124|
CUM|PORTLAND|3-1|1|28|115|5|1202|69|7|31|84|375|1768|
CUM|PORTLAND|3-1|1|28|116|5|139|9|2|2|22|48|222|
CUM|PORTLAND|3-2|1|27|113|5|568|35|4|17|179|229|1032|
CUM|PORTLAND|3-2|1|27|116|5|2576|110|12|64|371|972|4105|
CUM|PORTLAND|3-2|1|28|115|5|431|18|1|10|44|135|639|
CUM|PORTLAND|4-1|1|27|114|5|182|10|1|7|36|70|306|
CUM|PORTLAND|4-1|1|27|115|5|727|34|3|18|123|283|1188|
CUM|PORTLAND|4-1|1|28|114|5|1447|93|9|67|299|589|2504|
CUM|PORTLAND|4-1|1|28|115|5|603|31|1|10|109|201|955|
CUM|PORTLAND|4-2|1|27|114|5|751|42|6|23|183|382|1387|
CUM|PORTLAND|4-2|1|27|115|5|1329|69|9|40|234|500|2181|
CUM|PORTLAND|4-2|1|28|114|5|1212|76|7|42|328|571|2236|
CUM|PORTLAND|5-1|1|27|113|4|1077|62|18|51|260|585|2053|
CUM|PORTLAND|5-1|1|27|115|4|198|8|1|4|21|62|294|
CUM|PORTLAND|5-1|1|27|116|4|934|45|3|23|136|324|1465|
CUM|PORTLAND|5-2|1|27|112|5|2405|157|13|74|799|1254|4702|
CUM|PORTLAND|5-2|1|27|113|5|789|63|4|21|233|446|1556|
CUM|POWNAL|1-1|1|23|98|3|496|64|2|17|404|471|1454|
CUM|RAYMOND|1-1|1|26|86|2|1152|149|23|55|1280|1213|3872|
CUM|SCARBOROUGH|1-1|1|29|124|1|714|33|4|11|311|429|1502|
CUM|SCARBOROUGH|1-1|1|30|124|1|2505|126|13|51|1500|1887|6082|
CUM|SCARBOROUGH|1-1|1|30|125|1|3110|182|27|123|1976|2586|8004|
CUM|SCARBOROUGH|1-1|1|30|126|1|1039|85|11|48|955|1123|3261|
CUM|SEBAGO|1-1|1|22|84|1|417|79|7|21|625|483|1632|
CUM|SOUTH PORTLAND|1-1|1|29|122|4|2451|116|15|83|483|987|4135|
CUM|SOUTH PORTLAND|2-1|1|29|121|4|896|39|4|14|194|349|1496|
CUM|SOUTH PORTLAND|2-1|1|29|122|4|1685|99|19|46|340|763|2952|
CUM|SOUTH PORTLAND|3-1|1|29|120|4|291|31|3|14|90|181|610|
CUM|SOUTH PORTLAND|3-1|1|29|121|4|1760|136|17|57|537|1007|3514|
CUM|SOUTH PORTLAND|4-1|1|29|120|4|1020|99|18|51|344|657|2189|
CUM|SOUTH PORTLAND|4-1|1|29|121|4|849|69|8|26|428|534|1914|
CUM|SOUTH PORTLAND|5-1|1|29|120|4|1612|126|12|81|612|1091|3534|
CUM|STANDISH|1-1|1|22|84|1|290|52|3|20|414|306|1085|
CUM|STANDISH|1-1|1|22|85|1|1832|350|27|140|2379|1879|6607|
CUM|WESTBROOK|1-1|1|26|127|4|687|58|1|43|263|397|1449|
CUM|WESTBROOK|1-1|1|26|128|4|379|46|7|14|210|291|947|
CUM|WESTBROOK|1-1|1|27|127|4|245|29|3|20|75|193|565|
CUM|WESTBROOK|1-1|1|27|128|4|12|0|2|0|2|5|21|
CUM|WESTBROOK|2-1|1|26|127|4|58|8|3|3|33|52|157|
CUM|WESTBROOK|2-1|1|27|126|4|184|23|1|12|85|115|420|
CUM|WESTBROOK|2-1|1|27|127|4|939|64|8|68|395|592|2066|
CUM|WESTBROOK|3-1|1|26|126|4|218|24|2|24|157|189|614|
CUM|WESTBROOK|3-1|1|26|127|4|835|73|13|50|364|589|1924|
CUM|WESTBROOK|4-1|1|26|128|4|280|13|2|17|99|128|539|
CUM|WESTBROOK|4-1|1|27|128|4|948|83|13|73|385|640|2142|
CUM|WESTBROOK|5-1|1|26|128|4|1294|102|7|67|782|901|3153|
CUM|WINDHAM|1-1|1|26|106|2|2247|234|30|113|2331|2337|7292|
CUM|WINDHAM|1-1|1|26|107|2|2202|269|36|106|2109|2098|6820|
CUM|YARMOUTH|1-1|1|23|103|3|1098|46|6|25|461|534|2170|
CUM|YARMOUTH|1-1|1|25|103|3|2758|192|18|56|949|1482|5455|
FRA|AVON|1-1|2|19|74|3|86|8|2|3|121|103|323|
FRA|CARRABASSETT VALLEY|1-1|2|5|73|4|244|24|2|6|175|226|677|
FRA|CARTHAGE|1-1|2|19|74|3|84|20|0|11|150|155|420|
FRA|CHESTERVILLE|1-1|2|5|75|5|226|60|2|4|399|359|1050|
FRA|COPLIN PLT|1-1|2|19|73|3|45|10|0|2|49|31|137|
FRA|DALLAS PLT|1-1|2|19|73|4|71|10|1|2|116|96|296|
FRA|EUSTIS|1-1|2|19|73|3|135|38|3|7|221|224|628|
FRA|FARMINGTON|1-1|2|5|75|1|284|54|6|22|488|290|1144|
FRA|FARMINGTON|1-1|2|5|75|2|1427|175|16|91|1237|1196|4142|
FRA|INDUSTRY|1-1|2|5|74|4|152|20|1|13|219|217|622|
FRA|JAY|1-1|2|19|76|5|1063|92|15|59|1057|939|3225|
FRA|KINGFIELD|1-1|2|5|73|4|250|49|4|21|432|345|1101|
FRA|NEW SHARON|1-1|2|5|58|4|262|60|6|12|467|382|1189|
FRA|NEW VINEYARD|1-1|2|5|74|4|117|22|2|7|230|176|554|
FRA|PHILLIPS|1-1|2|19|73|3|190|43|4|12|347|287|883|
FRA|RANGELEY|1-1|2|19|73|3|203|60|4|12|430|312|1021|
FRA|RANGELEY PLT|1-1|2|19|73|3|35|3|0|0|73|62|173|
FRA|SANDY RIVER PLT|1-1|2|19|73|3|47|1|0|1|48|48|145|
FRA|STRONG|1-1|2|5|74|3|222|29|1|10|499|297|1058|
FRA|TEMPLE|1-1|2|19|74|1|143|13|0|6|138|114|414|
FRA|WELD|1-1|2|19|74|3|105|12|1|2|135|105|360|
FRA|WILTON|1-1|2|5|74|1|742|110|10|38|1008|890|2798|
HAN|AMHERST|1-1|2|6|18|1|54|8|0|2|118|53|235|
HAN|AURORA|1-1|2|6|18|1|16|5|1|3|41|28|94|
HAN|BAR HARBOR|1-1|2|7|14|3|2330|109|19|64|788|1276|4586|
HAN|BLUE HILL|1-1|2|7|16|1|1196|73|6|37|550|703|2565|
HAN|BROOKLIN|1-1|2|7|15|2|348|28|1|12|153|211|753|
HAN|BROOKSVILLE|1-1|2|7|16|2|374|55|0|12|182|208|831|
HAN|BUCKSPORT|1-1|2|10|17|2|1022|102|13|49|1263|1164|3613|
HAN|CASTINE|1-1|2|7|16|2|336|15|7|7|160|211|736|
HAN|CRANBERRY ISLES|1-1|2|7|14|3|31|2|0|0|14|20|67|
HAN|CRANBERRY ISLES|2-1|2|7|14|3|43|2|0|2|9|42|98|
HAN|CRANBERRY ISLES||2|28|35||0|0|0|0|0|0|0|
HAN|DEDHAM|1-1|2|10|18|2|370|70|5|17|527|433|1422|
HAN|DEER ISLE|1-1|2|7|15|2|689|48|3|13|403|494|1650|
HAN|EASTBROOK|1-1|2|6|18|1|59|14|1|6|167|84|331|
HAN|ELLSWORTH|1-1|2|7|13|1|796|93|16|90|782|646|2423|
HAN|ELLSWORTH|2-1|2|7|13|1|260|36|4|22|381|291|994|
HAN|ELLSWORTH|3-1|2|7|13|1|241|29|0|20|416|284|990|
HAN|ELLSWORTH|4-1|2|7|13|1|611|69|11|46|723|524|1984|
HAN|FRANKLIN|1-1|2|6|12|3|312|63|6|38|451|312|1182|
HAN|FRENCHBORO|1-1|2|7|15|3|14|1|0|0|14|11|40|
HAN|GOULDSBORO|1-1|2|6|12|1|389|48|3|22|571|390|1423|
HAN|GREAT POND|1-1|2|6|18|1|11|1|0|0|19|17|48|
HAN|HANCOCK|1-1|2|6|12|3|497|89|7|42|772|520|1927|
HAN|LAMOINE|1-1|2|7|14|3|473|54|6|26|497|390|1446|
HAN|MARIAVILLE|1-1|2|6|18|1|93|14|1|3|164|149|424|
HAN|MOUNT DESERT|1-1|2|7|14|3|632|26|7|20|243|283|1211|
HAN|MOUNT DESERT|1-2|2|7|14|3|282|11|0|5|120|169|587|
HAN|ORLAND|1-1|2|7|17|2|517|93|5|27|596|556|1794|
HAN|OSBORN|1-1|2|6|18|1|7|1|0|2|33|12|55|
HAN|OTIS|1-1|2|10|18|1|124|32|2|6|288|167|619|
HAN|PENOBSCOT|1-1|2|7|17|2|394|42|3|9|292|293|1033|
HAN|SEDGWICK|1-1|2|7|16|2|465|38|2|8|243|284|1040|
HAN|SORRENTO|1-1|2|6|12|1|79|4|0|1|101|67|252|
HAN|SOUTHWEST HARBOR|1-1|2|7|15|3|611|48|1|5|347|398|1410|
HAN|STONINGTON|1-1|2|7|15|2|338|30|1|6|171|281|827|
HAN|SULLIVAN|1-1|2|6|12|1|266|49|7|18|323|300|963|
HAN|SURRY|1-1|2|7|16|1|484|49|6|37|455|360|1391|
HAN|SWANS ISLAND|1-1|2|7|15|3|82|28|2|1|127|102|342|
HAN|TREMONT|1-1|2|7|15|3|500|46|3|19|334|366|1268|
HAN|TRENTON|1-1|2|7|16|3|401|51|8|22|423|374|1279|
HAN|VERONA ISLAND|1-1|2|7|17|2|119|13|2|2|160|121|417|
HAN|WALTHAM|1-1|2|6|13|1|45|7|0|4|173|65|294|
HAN|WINTER HARBOR|1-1|2|6|12|1|128|18|1|1|182|107|437|
KEN|ALBION|1-1|1|16|63|3|293|52|7|10|680|455|1497|
KEN|AUGUSTA|1-1|2|15|59|1|1214|125|18|53|879|849|3138|
KEN|AUGUSTA|2-1|2|15|59|1|143|21|3|10|66|87|330|
KEN|AUGUSTA|2-1|2|15|60|1|1003|126|30|32|879|787|2857|
KEN|AUGUSTA|3-1|2|15|59|1|952|133|17|50|976|929|3057|
KEN|AUGUSTA|3-1|2|15|60|1|4|0|0|0|5|3|12|
KEN|AUGUSTA|4-1|2|15|60|1|1209|139|23|39|1083|1017|3510|
KEN|BELGRADE|1-1|2|15|58|3|725|115|16|28|1020|829|2733|
KEN|BENTON|1-1|1|3|67|3|425|79|4|21|847|583|1959|
KEN|CHELSEA|1-1|2|14|53|1|502|91|9|34|767|619|2022|
KEN|CHINA|1-1|1|15|62|1|811|90|12|27|1229|1005|3174|
KEN|CLINTON|1-1|1|3|68|3|507|111|7|19|897|688|2229|
KEN|FARMINGDALE|1-1|2|14|54|2|699|100|20|32|718|643|2212|
KEN|FAYETTE|1-1|2|17|58|2|297|33|6|6|338|281|961|
KEN|GARDINER|1-1|2|14|54|2|372|73|5|17|310|270|1047|
KEN|GARDINER|2-1|2|14|54|2|399|74|6|23|349|363|1214|
KEN|GARDINER|3-1|2|14|54|2|482|58|3|16|243|241|1043|
KEN|GARDINER|4-1|2|14|54|2|297|71|2|15|393|324|1102|
KEN|HALLOWELL|1-1|2|14|55|2|261|10|4|3|75|107|460|
KEN|HALLOWELL|2-1|2|14|55|2|210|14|2|8|66|101|401|
KEN|HALLOWELL|3-1|2|14|55|2|300|10|1|9|61|90|471|
KEN|HALLOWELL|4-1|2|14|55|2|260|18|4|6|79|111|478|
KEN|HALLOWELL|5-1|2|14|55|2|160|12|1|7|145|100|425|
KEN|LITCHFIELD|1-1|1|17|56|2|644|112|19|30|1076|855|2736|
KEN|MANCHESTER|1-1|2|14|55|1|570|75|3|17|782|620|2067|
KEN|MONMOUTH|1-1|2|14|56|2|840|171|10|29|1206|969|3225|
KEN|MOUNT VERNON|1-1|2|15|58|2|444|72|8|4|475|428|1431|
KEN|OAKLAND|1-1|2|16|66|3|1206|119|18|38|1641|1505|4527|
KEN|PITTSTON|1-1|1|14|53|2|516|82|11|26|909|696|2240|
KEN|RANDOLPH|1-1|2|14|53|2|373|70|4|14|446|343|1250|
KEN|READFIELD|1-1|2|14|57|2|703|95|10|17|716|637|2178|
KEN|ROME|1-1|2|5|58|3|260|47|3|11|285|280|886|
KEN|SIDNEY|1-1|2|15|61|1|799|133|16|53|1457|998|3456|
KEN|SIDNEY|1-1|2|15|66|1|51|13|0|5|94|77|240|
KEN|VASSALBORO|1-1|1|15|61|1|848|177|26|34|1180|966|3231|
KEN|VIENNA|1-1|2|5|58|2|149|35|2|7|144|179|516|
KEN|WATERVILLE|1-1|1|16|64|3|471|42|13|23|352|396|1297|
KEN|WATERVILLE|2-1|1|16|64|3|570|34|10|29|282|406|1331|
KEN|WATERVILLE|3-1|1|16|64|3|1472|40|7|28|227|730|2504|
KEN|WATERVILLE|4-1|1|16|64|3|115|4|0|1|37|38|195|
KEN|WATERVILLE|4-1|1|16|65|3|682|61|6|25|436|408|1618|
KEN|WATERVILLE|5-1|1|16|65|3|619|70|13|23|451|500|1676|
KEN|WATERVILLE|6-1|1|16|64|3|334|17|16|12|53|168|600|
KEN|WATERVILLE|6-1|1|16|65|3|410|45|21|17|174|255|922|
KEN|WATERVILLE|7-1|1|16|65|3|440|41|13|33|285|406|1218|
KEN|WAYNE|1-1|2|14|91|2|377|13|2|1|292|321|1006|
KEN|WEST GARDINER|1-1|1|14|55|2|703|124|18|32|1133|900|2910|
KEN|WINDSOR|1-1|1|13|62|1|369|90|16|32|807|553|1867|
KEN|WINSLOW|1-1|1|16|63|3|270|42|9|12|511|377|1221|
KEN|WINSLOW|2-1|1|16|63|3|347|34|5|15|340|305|1046|
KEN|WINSLOW|2-1|1|16|64|3|10|2|0|1|6|13|32|
KEN|WINSLOW|3-1|1|16|63|3|138|19|3|2|113|124|399|
KEN|WINSLOW|3-1|1|16|64|3|276|22|3|14|198|237|750|
KEN|WINSLOW|4-1|1|16|63|3|325|33|5|7|306|255|931|
KEN|WINSLOW|4-1|1|16|64|3|68|9|1|4|50|82|214|
KEN|WINSLOW|5-1|1|16|63|3|277|39|7|9|464|364|1160|
KEN|WINSLOW|5-1|1|16|64|3|26|1|0|0|35|27|89|
KEN|WINTHROP|1-1|2|14|57|2|1523|231|20|49|1578|1505|4906|
KNO|APPLETON|1-1|1|12|40|2|383|61|5|16|344|325|1134|
KNO|CAMDEN|1-1|1|12|41|3|2520|128|10|49|742|1135|4584|
KNO|CUSHING|1-1|1|12|43|2|347|52|3|29|449|397|1277|
KNO|FRIENDSHIP|1-1|1|12|45|2|245|52|7|12|439|271|1026|
KNO|HOPE|1-1|1|12|44|3|505|37|6|12|399|423|1382|
KNO|ISLE AU HAUT|1-1|1|7|15|3|55|1|0|0|6|19|81|
KNO|MATINICUS ISLE PLT|1-1|1|12|42|3|21|1|0|2|8|26|58|
KNO|NORTH HAVEN|1-1|1|12|42|3|212|6|0|7|48|98|371|
KNO|OWLS HEAD|1-1|1|12|42|3|353|33|1|18|325|318|1048|
KNO|OWLS HEAD|1-1|1|12|43|3|112|3|1|5|90|84|295|
KNO|ROCKLAND|1-1|1|12|42|1|2212|114|25|75|1131|1569|5126|
KNO|ROCKPORT|1-1|1|12|41|3|1436|82|8|30|698|881|3135|
KNO|SAINT GEORGE|1-1|1|12|43|1|881|51|3|36|566|666|2203|
KNO|SOUTH THOMASTON|1-1|1|12|43|1|484|33|6|18|352|419|1312|
KNO|THOMASTON|1-1|1|12|43|1|794|99|9|35|572|611|2120|
KNO|UNION|1-1|1|12|44|2|524|93|2|30|764|557|1970|
KNO|VINALHAVEN|1-1|1|12|15|3|395|35|3|9|221|302|965|
KNO|WARREN|1-1|1|12|44|2|704|144|12|47|1099|887|2893|
KNO|WASHINGTON|1-1|1|13|45|2|302|49|6|18|432|418|1225|
LIN|ALNA|1-1|1|13|47|3|284|30|3|12|173|167|669|
LIN|BOOTHBAY|1-1|1|13|48|1|870|114|7|33|801|810|2635|
LIN|BOOTHBAY HARBOR|1-1|1|13|48|1|632|34|7|15|542|537|1767|
LIN|BREMEN|1-1|1|13|45|2|326|23|1|22|160|233|765|
LIN|BRISTOL|1-1|1|13|46|2|1011|59|3|53|714|792|2632|
LIN|DAMARISCOTTA|1-1|1|13|46|3|799|82|7|62|411|491|1852|
LIN|DRESDEN|1-1|1|24|53|3|403|71|13|27|496|462|1472|
LIN|EDGECOMB|1-1|1|13|48|1|444|44|5|21|302|287|1103|
LIN|JEFFERSON|1-1|1|13|47|3|569|90|10|38|798|670|2175|
LIN|MONHEGAN ISLAND PLT|1-1|1|13|46|2|46|5|1|0|7|14|73|
LIN|NEWCASTLE|1-1|1|13|46|3|776|70|5|30|389|427|1697|
LIN|NOBLEBORO|1-1|1|13|46|2|553|69|6|35|529|429|1621|
LIN|SOMERVILLE|1-1|1|13|62|3|96|32|5|4|181|145|463|
LIN|SOUTH BRISTOL|1-1|1|13|48|2|354|29|1|17|242|296|939|
LIN|SOUTHPORT|1-1|1|13|48|1|211|12|2|8|179|156|568|
LIN|WALDOBORO|1-1|1|13|45|2|1093|132|14|60|1381|1130|3810|
LIN|WESTPORT ISLAND|1-1|1|13|48|1|232|20|3|10|200|204|669|
LIN|WHITEFIELD|1-1|1|13|47|3|509|80|7|24|611|527|1758|
LIN|WISCASSET|1-1|1|13|47|1|887|126|9|59|953|934|2968|
OXF|ALBANY TWP|1-1|2|19|81|1|108|19|1|6|135|144|413|
OXF|ANDOVER|1-1|2|19|73|2|129|30|0|8|242|251|660|
OXF|BETHEL|1-1|2|19|78|2|697|55|8|27|640|870|2297|
OXF|BROWNFIELD|1-1|2|18|82|1|338|82|7|11|386|457|1281|
OXF|BUCKFIELD|1-1|2|19|80|3|279|44|10|7|548|665|1553|
OXF|BYRON|1-1|2|19|78|2|26|8|0|0|52|37|123|
OXF|CANTON|1-1|2|19|77|2|156|32|8|8|299|256|759|
OXF|DENMARK|1-1|2|18|83|1|279|35|4|8|343|330|999|
OXF|DIXFIELD|1-1|2|19|77|2|322|112|7|30|595|604|1670|
OXF|FRYEBURG|1-1|2|18|82|1|884|127|9|27|753|909|2709|
OXF|GILEAD|1-1|2|19|73|2|41|7|0|5|52|61|166|
OXF|GREENWOOD|1-1|2|19|81|1|193|21|2|7|188|276|687|
OXF|HANOVER|1-1|2|19|78|2|66|2|1|2|85|93|249|
OXF|HARTFORD|1-1|2|19|77|3|188|59|2|12|364|267|892|
OXF|HEBRON|1-1|2|18|80|3|223|54|12|16|330|345|980|
OXF|HIRAM|1-1|2|22|82|1|296|27|5|19|477|390|1214|
OXF|LINCOLN PLT|1-1|2|19|73|2|7|6|1|0|13|14|41|
OXF|LOVELL|1-1|2|19|82|1|318|35|1|8|294|391|1047|
OXF|MAGALLOWAY TWP|1-1|2|19|73|2|4|1|1|1|11|12|30|
OXF|MEXICO|1-1|2|19|77|2|509|72|5|30|458|588|1662|
OXF|NEWRY|1-1|2|19|73|2|87|14|0|3|91|119|314|
OXF|NORWAY|1-1|2|18|81|1|1137|183|17|55|1193|1125|3710|
OXF|OTISFIELD|1-1|2|18|80|3|397|83|13|36|544|446|1519|
OXF|OXFORD|1-1|2|18|80|3|546|124|22|32|1250|1039|3013|
OXF|PARIS|1-1|2|18|79|3|918|202|21|50|1375|1099|3665|
OXF|PERU|1-1|2|19|77|2|248|50|5|18|355|425|1101|
OXF|PORTER|1-1|2|22|82|1|238|46|7|5|449|450|1195|
OXF|ROXBURY|1-1|2|19|78|2|74|19|1|0|99|111|304|
OXF|RUMFORD|1-1|2|19|78|2|1073|143|13|38|1088|1200|3555|
OXF|STONEHAM|1-1|2|19|81|1|59|10|0|5|75|85|234|
OXF|STOW|1-1|2|19|81|1|81|24|0|6|94|94|299|
OXF|SUMNER|1-1|2|19|79|3|156|47|5|17|256|280|761|
OXF|SWEDEN|1-1|2|18|81|1|103|24|0|2|94|125|348|
OXF|UPTON|1-1|2|19|73|2|9|3|0|0|34|23|69|
OXF|WATERFORD|1-1|2|18|81|1|342|51|1|15|469|374|1252|
OXF|WEST PARIS|1-1|2|19|79|3|295|26|4|18|441|444|1228|
OXF|WOODSTOCK|1-1|2|19|79|3|265|80|4|5|426|375|1155|
PEN|ALTON|1-1|2|8|27|3|167|25|13|13|254|176|648|
PEN|BANGOR|1-1|2|9|21|1|2367|166|51|172|1433|1745|5934|
PEN|BANGOR|1-1|2|9|22|1|1805|169|64|227|1431|1558|5254|
PEN|BANGOR|1-1|2|9|23|1|2413|174|55|154|1904|1960|6660|
PEN|BANGOR|1-1|2|9|24|1|997|83|24|63|720|741|2628|
PEN|BRADFORD|1-1|2|4|27|3|103|37|8|3|353|271|775|
PEN|BRADFORD|1-1|2|4|32|3|42|6|0|0|66|58|172|
PEN|BRADLEY|1-1|2|10|26|3|334|57|20|23|418|292|1144|
PEN|BREWER|1-1|2|10|20|1|1942|253|44|153|2343|1652|6387|
PEN|BREWER|1-1|2|10|24|1|67|16|1|3|69|50|206|
PEN|BURLINGTON|1-1|2|8|18|3|51|9|2|8|151|113|334|
PEN|CARMEL|1-1|2|10|35|2|372|80|13|34|1002|652|2153|
PEN|CARROLL PLT|1-1|2|8|8|3|7|6|1|0|64|37|115|
PEN|CHARLESTON|1-1|2|4|32|2|137|21|2|14|512|271|957|
PEN|CHESTER|1-1|2|2|29|3|62|25|0|3|243|105|438|
PEN|CLIFTON|1-1|2|10|18|1|137|28|3|13|285|214|680|
PEN|CORINNA|1-1|2|4|33|2|258|84|6|10|711|417|1486|
PEN|CORINTH|1-1|2|4|27|2|306|58|4|37|1030|499|1934|
PEN|DEXTER|1-1|2|4|32|2|556|112|15|45|1083|665|2476|
PEN|DIXMONT|1-1|2|3|33|2|226|20|7|12|381|267|913|
PEN|DREW TWP|1-1|2|2|8|3|5|4|1|0|9|5|24|
PEN|EAST MILLINOCKET|1-1|2|2|29|3|380|50|2|10|481|224|1147|
PEN|EDDINGTON|1-1|2|10|19|1|373|93|13|26|758|498|1761|
PEN|EDINBURG|1-1|2|8|28|3|49|3|1|4|54|53|164|
PEN|ENFIELD|1-1|2|8|28|3|279|28|1|14|479|288|1089|
PEN|ETNA|1-1|2|3|33|2|194|31|5|10|395|227|862|
PEN|EXETER|1-1|2|4|32|2|137|12|3|0|319|207|678|
PEN|GARLAND|1-1|2|4|32|2|140|32|4|21|342|229|768|
PEN|GLENBURN|1-1|2|4|34|2|784|127|19|73|1434|1008|3445|
PEN|GREENBUSH|1-1|2|8|18|3|160|32|29|15|386|301|923|
PEN|HAMPDEN|1-1|2|10|36|2|441|63|29|21|455|406|1415|
PEN|HAMPDEN|2-1|2|10|36|2|537|58|12|18|593|424|1642|
PEN|HAMPDEN|3-1|2|10|36|2|446|47|13|27|617|390|1540|
PEN|HAMPDEN|4-1|2|10|36|2|366|46|17|18|644|456|1547|
PEN|HERMON|1-1|2|9|35|2|1084|131|23|81|2176|1435|4930|
PEN|HOLDEN|1-1|2|10|19|1|657|121|9|39|1032|695|2553|
PEN|HOWLAND|1-1|2|8|28|3|225|30|7|5|324|230|821|
PEN|HUDSON|1-1|2|4|27|2|194|48|4|7|461|346|1060|
PEN|KENDUSKEAG|1-1|2|4|34|2|182|44|4|12|440|292|974|
PEN|KINGMAN TWP|1-1|2|2|8|3|13|5|2|0|54|24|98|
PEN|LAGRANGE|1-1|2|8|28|3|88|19|12|12|188|136|455|
PEN|LAKEVILLE|1-1|2|8|8|3|22|4|0|0|38|33|97|
PEN|LEE|1-1|2|8|8|3|103|28|6|8|332|205|682|
PEN|LEVANT|1-1|2|4|34|2|340|77|8|60|1033|586|2104|
PEN|LINCOLN|1-1|2|8|28|3|695|87|14|43|1529|1001|3369|
PEN|LOWELL|1-1|2|8|18|3|59|14|1|0|165|93|332|
PEN|MATTAWAMKEAG|1-1|2|2|8|3|139|16|2|7|204|165|533|
PEN|MAXFIELD|1-1|2|2|28|3|9|4|2|2|46|19|82|
PEN|MEDWAY|1-1|2|2|29|3|192|43|2|10|389|238|874|
PEN|MILFORD|1-1|2|8|27|3|728|99|41|25|742|690|2325|
PEN|MILLINOCKET|1-1|2|2|29|3|888|83|6|26|948|916|2867|
PEN|MILLINOCKET|1-2|2|2|29|3|100|5|2|3|108|94|312|
PEN|MOUNT CHASE|1-1|2|2|29|3|34|11|0|0|87|54|186|
PEN|NEWBURGH|1-1|2|10|36|2|281|43|12|22|491|397|1246|
PEN|NEWPORT|1-1|2|3|33|2|479|52|19|25|1075|646|2296|
PEN|OLD TOWN|1-1|2|8|26|3|2058|224|148|90|1371|1548|5439|
PEN|OLD TOWN|5-1|2|8|26|3|12|4|7|5|24|29|81|
PEN|ORONO|1-1|2|8|25|3|1686|197|28|82|663|1145|3801|
PEN|ORONO|1-2|2|8|25|3|763|112|19|74|283|878|2129|
PEN|ORONO|1-3|2|8|24|3|984|61|14|19|421|503|2002|
PEN|ORONO|1-3|2|8|25|3|340|30|7|11|125|172|685|
PEN|ORRINGTON|1-1|2|10|19|1|747|161|17|47|1292|843|3107|
PEN|PASSADUMKEAG|1-1|2|8|18|3|54|14|2|4|143|77|294|
PEN|PATTEN|1-1|2|2|29|3|111|28|1|2|292|190|624|
PEN|PENOBSCOT NATION VOTING DISTRICT|1-1|2|8|26|3|228|23|13|12|33|102|411|
PEN|PLYMOUTH|1-1|2|3|33|2|149|30|11|11|445|294|940|
PEN|PRENTISS TWP T7 R3 NBPP|1-1|2|8|8|3|23|13|0|0|68|32|136|
PEN|SEBOEIS PLT|1-1|2|2|28|3|8|0|0|0|16|6|30|
PEN|SPRINGFIELD|1-1|2|8|8|3|30|5|2|2|115|77|231|
PEN|STACYVILLE|1-1|2|2|8|3|33|8|1|0|121|93|256|
PEN|STETSON|1-1|2|3|32|2|161|53|5|6|423|296|944|
PEN|VEAZIE|1-1|2|8|24|3|514|56|16|30|449|387|1452|
PEN|WEBSTER PLT|1-1|2|8|8|3|15|4|0|0|22|14|55|
PEN|WINN|1-1|2|8|28|3|53|5|1|2|125|82|268|
PEN|WOODVILLE|1-1|2|2|29|3|22|5|0|3|101|47|178|
PIS|ABBOT|1-1|2|4|30|1|88|23|4|7|230|138|490|
PIS|ATKINSON TWP|1-1|2|4|31|2|32|15|0|5|96|69|217|
PIS|BEAVER COVE|1-1|2|4|30|3|22|6|0|1|52|54|135|
PIS|BOWERBANK|1-1|2|4|30|1|26|3|0|4|72|46|151|
PIS|BROWNVILLE|1-1|2|4|31|3|221|31|6|47|360|337|1002|
PIS|DOVER-FOXCROFT|1-1|2|4|31|2|679|125|12|91|1310|832|3049|
PIS|GREENVILLE|1-1|2|4|30|3|312|36|2|22|638|461|1471|
PIS|GUILFORD|1-1|2|4|30|1|204|36|4|20|406|246|916|
PIS|KINGSBURY PLT|1-1|2|4|30|1|7|4|0|0|19|10|40|
PIS|LAKE VIEW PLT|1-1|2|4|31|3|30|3|0|2|82|43|160|
PIS|MEDFORD|1-1|2|4|31|2|34|10|2|5|98|65|214|
PIS|MILO|1-1|2|4|31|3|379|70|12|89|621|481|1652|
PIS|MONSON|1-1|2|4|30|1|118|28|5|8|242|215|616|
PIS|PARKMAN|1-1|2|4|30|1|103|20|3|16|246|191|579|
PIS|SANGERVILLE|1-1|2|4|30|1|194|41|5|29|444|292|1005|
PIS|SEBEC|1-1|2|4|30|2|91|19|2|8|254|143|517|
PIS|SHIRLEY|1-1|2|4|30|1|31|10|0|8|78|68|195|
PIS|WELLINGTON|1-1|2|4|30|1|48|11|1|10|55|48|173|
PIS|WILLIMANTIC|1-1|2|4|30|1|16|8|0|0|56|31|111|
SAG|ARROWSIC|1-1|1|24|49|3|216|12|0|4|67|119|418|
SAG|BATH|1-1|1|24|50|2|496|35|5|20|200|247|1003|
SAG|BATH|2-1|1|24|50|2|351|35|2|29|201|256|874|
SAG|BATH|3-1|1|24|50|2|422|48|6|46|194|298|1014|
SAG|BATH|4-1|1|24|50|2|505|35|3|29|171|231|974|
SAG|BATH|5-1|1|24|50|2|426|30|4|17|166|242|885|
SAG|BATH|6-1|1|24|50|2|399|48|10|39|179|291|966|
SAG|BATH|7-1|1|24|50|2|463|29|1|17|227|245|982|
SAG|BOWDOIN|1-1|1|24|52|1|340|46|2|11|541|599|1539|
SAG|BOWDOIN|1-1|1|24|98|1|170|27|4|6|283|288|778|
SAG|BOWDOINHAM|1-1|1|24|52|2|860|66|13|12|713|844|2508|
SAG|GEORGETOWN|1-1|1|24|49|3|441|30|2|17|265|287|1042|
SAG|PHIPPSBURG|1-1|1|24|49|3|665|61|10|40|630|552|1958|
SAG|RICHMOND|1-1|1|24|52|3|697|164|18|42|900|719|2540|
SAG|TOPSHAM|1-1|1|24|51|1|2872|203|20|99|1724|2269|7187|
SAG|TOPSHAM|1-1|1|24|98|1|217|22|3|15|191|250|698|
SAG|WEST BATH|1-1|1|24|49|3|569|64|5|37|478|533|1686|
SAG|WOOLWICH|1-1|1|24|49|3|815|123|11|58|920|749|2676|
SOM|ANSON|1-1|2|5|72|2|325|79|4|28|694|497|1627|
SOM|ATHENS|1-1|2|5|72|5|158|24|1|7|254|218|662|
SOM|BINGHAM|1-1|2|5|72|5|145|31|2|16|316|231|741|
SOM|BRIGHTON PLT|1-1|2|5|30|5|15|5|0|1|20|24|65|
SOM|CAMBRIDGE|1-1|2|5|30|3|49|11|1|4|151|92|308|
SOM|CANAAN|1-1|2|3|69|5|375|60|4|29|614|406|1488|
SOM|CARATUNK|1-1|2|5|72|5|17|4|1|1|32|16|71|
SOM|CORNVILLE|1-1|2|5|71|4|223|36|12|21|401|308|1001|
SOM|DENNISTOWN PLT|1-1|2|5|73|5|4|1|0|0|17|6|28|
SOM|DETROIT|1-1|2|3|69|3|129|55|3|10|226|193|616|
SOM|EMBDEN|1-1|2|5|72|5|149|29|2|8|366|228|782|
SOM|FAIRFIELD|1-1|2|16|67|1|1094|176|22|53|1557|1316|4218|
SOM|HARMONY|1-1|2|5|72|3|128|19|1|10|272|197|627|
SOM|HARTLAND|1-1|2|5|69|5|245|48|14|12|606|269|1194|
SOM|HIGHLAND PLT|1-1|2|5|73|2|21|9|0|2|45|55|132|
SOM|JACKMAN|1-1|2|5|73|5|82|3|1|10|283|229|608|
SOM|JACKMAN|1-2|2|5|73|5|11|0|0|0|33|32|76|
SOM|MADISON|1-1|2|3|71|2|763|123|16|47|1237|899|3085|
SOM|MERCER|1-1|2|5|66|2|136|28|3|10|215|181|573|
SOM|MOOSE RIVER|1-1|2|5|73|5|8|3|1|0|96|36|144|
SOM|MOSCOW|1-1|2|5|72|5|78|22|0|0|157|111|368|
SOM|NEW PORTLAND|1-1|2|5|74|2|151|48|6|13|242|198|658|
SOM|NORRIDGEWOCK|1-1|2|3|71|1|566|106|2|59|962|636|2331|
SOM|PALMYRA|1-1|2|3|69|3|251|48|6|12|684|391|1392|
SOM|PITTSFIELD|1-1|2|3|68|3|111|18|2|11|200|143|485|
SOM|PITTSFIELD|1-2|2|3|68|3|162|22|6|8|225|167|590|
SOM|PITTSFIELD|1-3|2|3|68|3|201|26|4|10|286|183|710|
SOM|PITTSFIELD|1-4|2|3|68|3|149|40|7|12|368|231|807|
SOM|PLEASANT RIDGE PLT|1-1|2|5|72|5|12|0|0|0|24|22|58|
SOM|RIPLEY|1-1|2|5|72|3|78|7|5|5|170|117|382|
SOM|ROCKWOOD STRIP TWP|1-1|2|5|72|5|57|7|0|1|135|60|260|
SOM|SAINT ALBANS|1-1|2|5|69|3|247|29|5|10|727|482|1500|
SOM|SKOWHEGAN|1-1|2|3|70|4|1531|180|34|142|2086|1606|5579|
SOM|SMITHFIELD|1-1|2|5|66|2|185|26|1|6|295|236|749|
SOM|SOLON|1-1|2|5|72|5|160|26|1|17|317|251|772|
SOM|STARKS|1-1|2|5|66|2|113|21|3|11|174|183|505|
SOM|THE FORKS PLT|1-1|2|5|73|5|8|7|0|0|19|16|50|
SOM|WEST FORKS PLT|1-1|2|5|73|5|11|1|0|1|26|24|63|
WAL|BELFAST|1-1|2|11|39|1|599|44|2|11|196|216|1068|
WAL|BELFAST|2-1|2|11|39|1|543|44|2|27|152|239|1007|
WAL|BELFAST|3-1|2|11|39|1|588|45|2|24|197|272|1128|
WAL|BELFAST|4-1|2|11|39|1|496|41|1|21|249|316|1124|
WAL|BELFAST|5-1|2|11|39|1|347|49|4|41|333|314|1088|
WAL|BELMONT|1-1|2|11|39|1|177|37|4|3|278|243|742|
WAL|BROOKS|1-1|2|11|38|3|191|44|4|12|326|215|792|
WAL|BURNHAM|1-1|2|11|68|3|172|29|7|12|277|319|816|
WAL|FRANKFORT|1-1|2|11|37|2|96|16|7|6|176|183|484|
WAL|FRANKFORT|1-1|2|11|38|2|68|17|4|4|131|142|366|
WAL|FREEDOM|1-1|2|11|63|3|166|31|1|1|167|189|555|
WAL|ISLESBORO|1-1|2|11|40|1|316|10|0|6|81|163|576|
WAL|JACKSON|1-1|2|11|38|2|112|23|1|10|159|141|446|
WAL|KNOX|1-1|2|11|38|3|111|30|1|7|256|210|615|
WAL|LIBERTY|1-1|2|11|40|3|240|20|2|15|262|215|754|
WAL|LINCOLNVILLE|1-1|2|11|40|1|912|86|6|29|484|585|2102|
WAL|MONROE|1-1|2|11|38|2|274|47|5|17|241|179|763|
WAL|MONTVILLE|1-1|2|11|40|3|256|33|6|7|234|264|800|
WAL|MORRILL|1-1|2|11|40|3|180|23|1|9|322|207|742|
WAL|NORTHPORT|1-1|2|11|39|1|530|56|7|27|398|348|1366|
WAL|PALERMO|1-1|2|11|62|3|280|78|7|14|531|381|1291|
WAL|PROSPECT|1-1|2|11|37|2|123|20|1|7|205|196|552|
WAL|SEARSMONT|1-1|2|11|40|3|360|35|3|22|384|365|1169|
WAL|SEARSPORT|1-1|2|11|37|2|653|77|8|53|676|633|2100|
WAL|STOCKTON SPRINGS|1-1|2|11|37|2|452|29|7|30|463|457|1438|
WAL|SWANVILLE|1-1|2|11|38|2|308|38|4|22|421|363|1156|
WAL|THORNDIKE|1-1|2|11|38|3|157|41|0|0|213|204|615|
WAL|TROY|1-1|2|11|68|3|144|44|10|2|289|220|709|
WAL|UNITY|1-1|2|11|38|3|413|52|5|14|473|372|1329|
WAL|WALDO|1-1|2|11|38|1|179|33|1|14|229|166|622|
WAL|WINTERPORT|1-1|2|11|37|2|731|167|24|62|1061|816|2861|
WAS|ADDISON|1-1|2|6|11|3|224|26|3|16|416|221|906|
WAS|ALEXANDER|1-1|2|6|10|1|83|17|0|3|201|131|435|
WAS|BAILEYVILLE|1-1|2|6|9|1|171|39|9|19|365|251|854|
WAS|BARING PLT|1-1|2|6|9|1|45|3|0|2|69|37|156|
WAS|BEALS|1-1|2|6|11|3|94|9|4|5|138|96|346|
WAS|BEDDINGTON|1-1|2|6|18|1|16|1|2|1|43|35|98|
WAS|BIG LAKE TWP|1-1|2|6|10|1|6|3|1|0|40|29|79|
WAS|BROOKTON TWP|1-1|2|6|8|1|19|6|0|1|59|28|113|
WAS|CALAIS|1-1|2|6|9|1|455|42|18|72|698|729|2014|
WAS|CHARLOTTE|1-1|2|6|10|1|58|8|1|2|126|80|275|
WAS|CHERRYFIELD|1-1|2|6|18|3|202|24|2|8|370|261|867|
WAS|CODYVILLE TWP|1-1|2|6|8|1|1|0|0|0|3|4|8|
WAS|COLUMBIA|1-1|2|6|11|3|48|13|0|3|152|86|302|
WAS|COLUMBIA FALLS|1-1|2|6|11|3|88|21|2|12|206|103|432|
WAS|COOPER|1-1|2|6|10|1|28|2|2|1|65|34|132|
WAS|CRAWFORD|1-1|2|6|10|1|14|3|0|0|51|21|89|
WAS|CUTLER|1-1|2|6|10|2|80|8|2|9|192|135|426|
WAS|DANFORTH|1-1|2|6|8|1|69|12|1|4|186|144|416|
WAS|DEBLOIS|1-1|2|6|18|1|9|2|0|3|33|9|56|
WAS|DENNYSVILLE|1-1|2|6|10|2|54|11|0|1|82|72|220|
WAS|EAST MACHIAS|1-1|2|6|10|2|204|49|6|38|461|278|1036|
WAS|EASTPORT|1-1|2|6|9|2|436|33|1|26|300|299|1095|
WAS|EDMUNDS TWP|1-1|2|6|10|2|45|10|1|1|74|53|184|
WAS|GRAND LAKE STREAM PLT|1-1|2|6|9|1|29|8|0|1|70|36|144|
WAS|HARRINGTON|1-1|2|6|11|3|159|24|1|11|317|182|694|
WAS|INDIAN TOWNSHIP|1-1|2|6|9|1|213|18|2|0|54|89|376|
WAS|JONESBORO|1-1|2|6|11|3|87|15|5|12|173|117|409|
WAS|JONESPORT|1-1|2|6|11|3|221|35|3|8|437|221|925|
WAS|LUBEC|1-1|2|6|10|2|406|27|2|26|301|384|1146|
WAS|MACHIAS|1-1|2|6|11|2|343|51|8|60|483|414|1359|
WAS|MACHIASPORT|1-1|2|6|10|3|166|21|5|28|258|260|738|
WAS|MARSHFIELD|1-1|2|6|10|1|68|9|4|12|200|99|392|
WAS|MEDDYBEMPS|1-1|2|6|9|1|26|6|0|0|54|32|118|
WAS|MILBRIDGE|1-1|2|6|11|3|259|57|2|11|400|284|1013|
WAS|NORTHFIELD|1-1|2|6|10|1|31|11|1|3|60|49|155|
WAS|PEMBROKE|1-1|2|6|10|2|166|28|2|5|232|168|601|
WAS|PERRY|1-1|2|6|9|2|153|20|1|5|246|187|612|
WAS|PLEASANT POINT VOTING DISTRICT|1-1|2|6|9|2|152|14|1|3|27|113|310|
WAS|PRINCETON|1-1|2|6|10|1|53|4|0|3|116|102|278|
WAS|PRINCETON|1-2|2|6|10|1|40|9|3|3|95|70|220|
WAS|ROBBINSTON|1-1|2|6|9|1|96|9|2|8|207|123|445|
WAS|ROQUE BLUFFS|1-1|2|6|11|3|73|6|2|5|82|98|266|
WAS|STEUBEN|1-1|2|6|12|3|223|18|4|18|370|269|902|
WAS|TALMADGE|1-1|2|6|8|1|10|2|0|0|28|8|48|
WAS|TOPSFIELD|1-1|2|6|8|1|15|2|0|0|71|42|130|
WAS|VANCEBORO|1-1|2|6|8|1|32|2|0|0|40|39|113|
WAS|WAITE|1-1|2|6|8|1|11|2|0|0|31|12|56|
WAS|WESLEY|1-1|2|6|10|1|25|7|0|2|43|46|123|
WAS|WHITING|1-1|2|6|10|2|142|15|0|12|181|117|467|
WAS|WHITNEYVILLE|1-1|2|6|11|1|36|6|1|4|49|52|148|
YOR|ACTON|1-1|1|22|144|1|516|91|10|33|821|659|2130|
YOR|ALFRED|1-1|1|33|136|4|462|46|8|26|595|618|1755|
YOR|ALFRED|1-2|1|33|136|4|225|22|3|11|209|253|723|
YOR|ARUNDEL|1-1|1|32|140|2|1120|94|16|72|1046|1146|3494|
YOR|BERWICK|1-1|1|34|148|1|1635|135|26|52|1735|2359|5942|
YOR|BIDDEFORD|1-1|1|32|133|2|113|10|3|1|68|70|265|
YOR|BIDDEFORD|1-1|1|32|134|2|916|41|11|36|311|493|1808|
YOR|BIDDEFORD|2-1|1|32|132|2|701|46|29|56|263|420|1515|
YOR|BIDDEFORD|2-1|1|32|133|2|274|16|1|10|118|145|564|
YOR|BIDDEFORD|3-1|1|32|132|2|371|22|5|17|159|181|755|
YOR|BIDDEFORD|3-1|1|32|133|2|300|36|1|21|156|181|695|
YOR|BIDDEFORD|3-1|1|32|134|2|249|25|4|16|148|178|620|
YOR|BIDDEFORD|4-1|1|32|132|2|833|77|13|73|340|469|1805|
YOR|BIDDEFORD|4-1|1|32|133|2|124|7|2|2|44|53|232|
YOR|BIDDEFORD|5-1|1|32|132|2|848|58|41|66|239|550|1802|
YOR|BIDDEFORD|5-1|1|32|133|2|267|21|10|16|95|176|585|
YOR|BIDDEFORD|6-1|1|32|132|2|42|5|4|2|19|17|89|
YOR|BIDDEFORD|6-1|1|32|133|2|998|69|10|75|495|655|2302|
YOR|BIDDEFORD|7-1|1|32|132|2|40|0|0|1|16|17|74|
YOR|BIDDEFORD|7-1|1|32|133|2|931|51|10|47|460|509|2008|
YOR|BUXTON|1-1|1|31|137|3|1429|171|23|66|1749|1449|4887|
YOR|BUXTON|1-1|1|31|138|3|346|49|8|20|527|511|1461|
YOR|CORNISH|1-1|1|22|138|1|335|69|5|12|412|364|1197|
YOR|DAYTON|1-1|1|32|140|4|422|49|9|28|622|589|1719|
YOR|ELIOT|1-1|1|35|150|5|2254|113|18|28|1499|1889|5801|
YOR|HOLLIS|1-1|1|32|137|3|577|98|5|30|795|701|2206|
YOR|HOLLIS|1-1|1|32|138|3|354|61|3|26|566|430|1440|
YOR|KENNEBUNK|1-1|1|34|135|2|1004|45|11|39|709|1210|3018|
YOR|KENNEBUNK|1-2|1|34|134|2|775|23|7|16|505|732|2058|
YOR|KENNEBUNK|1-2|1|34|135|2|2158|88|8|44|1097|1850|5245|
YOR|KENNEBUNKPORT|1-1|1|34|134|2|1391|77|9|26|942|950|3395|
YOR|KITTERY|1-1|1|35|150|5|269|15|2|12|145|235|678|
YOR|KITTERY|1-1|1|35|151|5|3717|168|28|85|1522|2362|7882|
YOR|LEBANON|1-1|1|33|144|1|915|221|11|71|1652|1842|4712|
YOR|LIMERICK|1-1|1|22|139|4|592|99|12|41|801|1026|2571|
YOR|LIMINGTON|1-1|1|22|138|1|654|167|10|67|1083|835|2816|
YOR|LYMAN|1-1|1|32|136|4|455|56|11|36|583|480|1621|
YOR|LYMAN|1-1|1|32|140|4|543|65|10|56|733|651|2058|
YOR|NEWFIELD|1-1|1|22|141|1|262|65|3|28|475|435|1268|
YOR|NORTH BERWICK|1-1|1|34|148|1|342|48|3|22|447|433|1295|
YOR|NORTH BERWICK|1-1|1|34|149|1|787|96|12|25|837|935|2692|
YOR|OGUNQUIT|1-1|1|35|146|5|660|48|2|14|280|388|1392|
YOR|OLD ORCHARD BEACH|1-1|1|31|131|3|3053|186|49|120|1874|2553|7835|
YOR|PARSONSFIELD|1-1|1|22|139|1|370|58|10|26|484|494|1442|
YOR|SACO|1-1|1|31|129|3|890|70|11|32|618|701|2322|
YOR|SACO|2-1|1|31|126|3|783|97|12|52|643|734|2321|
YOR|SACO|3-1|1|31|130|3|877|76|17|50|567|661|2248|
YOR|SACO|4-1|1|31|130|3|1070|64|6|14|659|708|2521|
YOR|SACO|5-1|1|31|129|3|940|65|6|37|430|628|2106|
YOR|SACO|6-1|1|31|129|3|364|25|5|19|133|197|743|
YOR|SACO|6-1|1|31|130|3|612|40|11|25|243|388|1319|
YOR|SACO|7-1|1|31|129|3|696|49|11|37|250|452|1495|
YOR|SACO|7-1|1|31|130|3|286|32|3|9|164|190|684|
YOR|SANFORD|1-1|1|33|141|4|922|92|10|51|922|1054|3051|
YOR|SANFORD|1-1|1|33|142|4|1643|203|52|121|1438|1898|5355|
YOR|SANFORD|1-1|1|33|143|4|1764|179|65|110|1801|2086|6005|
YOR|SHAPLEIGH|1-1|1|22|141|1|521|117|16|33|878|735|2300|
YOR|SOUTH BERWICK|1-1|1|35|149|1|1920|143|13|35|1161|1468|4740|
YOR|SOUTH BERWICK|1-1|1|35|150|1|456|30|4|13|295|398|1196|
YOR|WATERBORO|1-1|1|33|136|4|587|88|9|29|881|673|2267|
YOR|WATERBORO|1-1|1|33|139|4|27|3|0|1|28|25|84|
YOR|WATERBORO|2-1|1|33|136|4|138|27|0|8|257|196|626|
YOR|WATERBORO|2-1|1|33|139|4|711|133|11|54|973|878|2760|
YOR|WELLS|1-1|1|34|145|5|2578|150|19|102|2283|3163|8295|
YOR|WELLS|1-1|1|34|146|5|691|19|4|13|435|761|1923|
YOR|YORK|1-1|1|35|146|5|1671|96|7|25|1084|1536|4419|
YOR|YORK|1-1|1|35|147|5|3097|161|19|28|1739|2555|7599|
